STATEFP,COUNTYFP,TRACTCE,POPULATION,LATITUDE,LONGITUDE
25,001,010100,2942,+42.054276,-070.185650
25,001,010206,2750,+41.924623,-070.015741
25,001,010208,2003,+42.017443,-070.073007
25,001,010304,2421,+41.821628,-069.983981
25,001,010306,2535,+41.857969,-069.985517
25,001,010400,2999,+41.773551,-069.996026
25,001,010500,2891,+41.784614,-069.965807
25,001,010600,2973,+41.698063,-069.974069
25,001,010700,3152,+41.682155,-069.999031
25,001,010800,4878,+41.746091,-070.097790
25,001,010900,4942,+41.750112,-070.041575
25,001,011002,4157,+41.688337,-070.102783
25,001,011100,4694,+41.710933,-070.039777
25,001,011200,3392,+41.680430,-070.058482
25,001,011300,2600,+41.731940,-070.192643
25,001,011400,2991,+41.732102,-070.157866
25,001,011500,4029,+41.699842,-070.159252
25,001,011600,2710,+41.665522,-070.132242
25,001,011700,1877,+41.666148,-070.163013
25,001,011801,2403,+41.714765,-070.221323
25,001,011802,4255,+41.701341,-070.212827
25,001,012001,5732,+41.679346,-070.193972
25,001,012002,3007,+41.657577,-070.204284
25,001,012101,5339,+41.667373,-070.233581
25,001,012102,3057,+41.649965,-070.248603
25,001,012200,5046,+41.702319,-070.332633
25,001,012502,3080,+41.643233,-070.295251
25,001,012601,2877,+41.663921,-070.317691
25,001,012602,4915,+41.656472,-070.300505
25,001,012700,4562,+41.647822,-070.338174
25,001,012800,3923,+41.673339,-070.347282
25,001,012900,4135,+41.663240,-070.370156
25,001,013002,2899,+41.635819,-070.384619
25,001,013100,5935,+41.673253,-070.412940
25,001,013200,4783,+41.638173,-070.437418
25,001,013300,3218,+41.759673,-070.501535
25,001,013400,4163,+41.736389,-070.437925
25,001,013500,6940,+41.693651,-070.455281
25,001,013600,6334,+41.694895,-070.499074
25,001,013700,4911,+41.753481,-070.608439
25,001,013800,4840,+41.785851,-070.538436
25,001,013900,4831,+41.725218,-070.602847
25,001,014002,4053,+41.688588,-070.606496
25,001,014100,1141,+41.666188,-070.573707
25,001,014300,4384,+41.631090,-070.625442
25,001,014402,6947,+41.600872,-070.591200
25,001,014500,5395,+41.594091,-070.533697
25,001,014600,4130,+41.578441,-070.557339
25,001,014700,3690,+41.566973,-070.581798
25,001,014800,3387,+41.555061,-070.606155
25,001,014900,3598,+41.550268,-070.636796
25,001,015001,4417,+41.652908,-070.470470
25,001,015002,3713,+41.629308,-070.509063
25,001,015100,3809,+41.613033,-070.484782
25,001,015200,2065,+41.575732,-070.486188
25,001,015300,3038,+41.657943,-070.285526
25,001,990000,0,+41.796988,-070.212541
25,003,900100,3389,+42.452930,-073.252228
25,003,900200,4449,+42.456091,-073.240563
25,003,900300,2903,+42.465796,-073.241067
25,003,900400,4862,+42.479721,-073.252206
25,003,900500,3288,+42.455252,-073.287743
25,003,900600,4117,+42.454409,-073.262193
25,003,900700,2910,+42.437191,-073.290857
25,003,900800,4835,+42.428366,-073.232362
25,003,900900,5134,+42.440322,-073.251068
25,003,901100,3729,+42.470211,-073.212924
25,003,911100,3091,+42.516496,-073.235836
25,003,912100,6756,+42.472293,-073.162945
25,003,913100,5025,+42.364631,-073.269707
25,003,914100,5943,+42.305227,-073.248731
25,003,920101,4638,+42.719508,-073.198741
25,003,920102,3116,+42.693010,-073.211467
25,003,921300,5118,+42.695013,-073.097582
25,003,921400,1699,+42.680746,-073.103688
25,003,921500,3100,+42.697164,-073.151127
25,003,922100,2680,+42.621411,-073.119331
25,003,922200,3689,+42.632473,-073.111717
25,003,922300,2116,+42.609912,-073.124410
25,003,923100,3235,+42.562048,-073.154399
25,003,924100,1947,+42.296971,-073.322124
25,003,925100,7104,+42.211355,-073.362386
25,003,926100,3257,+42.094324,-073.345999
25,003,931100,1702,+42.719840,-073.092081
25,003,931300,1444,+42.631053,-073.023596
25,003,931400,1746,+42.473598,-073.046163
25,003,932200,2317,+42.299980,-073.085767
25,003,932300,2032,+42.438268,-073.113493
25,003,933200,1288,+42.199479,-073.221624
25,003,933300,1509,+42.106503,-073.260099
25,003,933400,2527,+42.162972,-073.096816
25,003,934200,1306,+42.319087,-073.379731
25,003,934300,1886,+42.183325,-073.433707
25,003,935100,2420,+42.455203,-073.331546
25,003,935200,5121,+42.444173,-073.214920
25,003,935300,3791,+42.705141,-073.110665
25,005,600100,3920,+42.058016,-071.103199
25,005,600202,4481,+42.027758,-071.079068
25,005,600203,5611,+42.042200,-071.132475
25,005,600204,3895,+42.012235,-071.128704
25,005,610100,5103,+42.030653,-071.219741
25,005,610202,5586,+42.004395,-071.254921
25,005,610203,6883,+42.016241,-071.193785
25,005,610204,5612,+42.039730,-071.183098
25,005,611101,4585,+41.987232,-071.151388
25,005,611102,5047,+41.961950,-071.182066
25,005,611201,3003,+41.937588,-071.203493
25,005,611202,6396,+41.976065,-071.217938
25,005,612100,4538,+41.953731,-071.067071
25,005,612200,8845,+41.918235,-071.030705
25,005,613100,6327,+41.936958,-071.102326
25,005,613300,7201,+41.917956,-071.141599
25,005,613400,3812,+41.889903,-071.139990
25,005,613600,3771,+41.919736,-071.097155
25,005,613700,4369,+41.909660,-071.083951
25,005,613800,4519,+41.902944,-071.095422
25,005,613901,2801,+41.897225,-071.109286
25,005,613902,4751,+41.878131,-071.107937
25,005,614000,4472,+41.893524,-071.094460
25,005,614101,6833,+41.886278,-071.068470
25,005,614102,7018,+41.870692,-071.021687
25,005,615100,7086,+41.838983,-071.148113
25,005,616100,6411,+41.836442,-071.077656
25,005,617101,4681,+41.789201,-071.052545
25,005,617102,4189,+41.762176,-070.958388
25,005,630101,2855,+41.989379,-071.333870
25,005,630102,4201,+41.981331,-071.325711
25,005,630200,8204,+41.989388,-071.299509
25,005,630300,8597,+41.962257,-071.357238
25,005,630400,4855,+41.961303,-071.327235
25,005,631100,8093,+41.908193,-071.366463
25,005,631200,6841,+41.926584,-071.321361
25,005,631300,5183,+41.960063,-071.287302
25,005,631400,2674,+41.944315,-071.281720
25,005,631500,2797,+41.934724,-071.295830
25,005,631600,3955,+41.937166,-071.280687
25,005,631700,6471,+41.935429,-071.252213
25,005,631800,7579,+41.915636,-071.288654
25,005,632100,6543,+41.874019,-071.324542
25,005,632200,7179,+41.809720,-071.319449
25,005,633100,5490,+41.878608,-071.253607
25,005,633200,6118,+41.815250,-071.244388
25,005,640100,5358,+41.674412,-071.156268
25,005,640200,5954,+41.683571,-071.169535
25,005,640300,3693,+41.679160,-071.186064
25,005,640400,2682,+41.685759,-071.178569
25,005,640500,5165,+41.691934,-071.168508
25,005,640600,4450,+41.688409,-071.153934
25,005,640700,2900,+41.679133,-071.150931
25,005,640800,3813,+41.684140,-071.147955
25,005,640901,5071,+41.695817,-071.163241
25,005,641000,2419,+41.699533,-071.163072
25,005,641101,1712,+41.698224,-071.155725
25,005,641200,2803,+41.701367,-071.144636
25,005,641300,5326,+41.696368,-071.135952
25,005,641400,2586,+41.689047,-071.134857
25,005,641500,2401,+41.687350,-071.128340
25,005,641600,2323,+41.689794,-071.125692
25,005,641700,5096,+41.704497,-071.134453
25,005,641800,2059,+41.710526,-071.149278
25,005,641900,2275,+41.707371,-071.151979
25,005,642000,3274,+41.712416,-071.154265
25,005,642100,4144,+41.744724,-071.129454
25,005,642200,3881,+41.727424,-071.137157
25,005,642300,2195,+41.719758,-071.137443
25,005,642400,2760,+41.712454,-071.137005
25,005,642500,4517,+41.731685,-071.112137
25,005,644101,5828,+41.756809,-071.144984
25,005,644102,5057,+41.776059,-071.137470
25,005,644200,7280,+41.732500,-071.168673
25,005,645101,4863,+41.725948,-071.209617
25,005,645102,5385,+41.762249,-071.183233
25,005,645103,5617,+41.753968,-071.242568
25,005,646101,7356,+41.652689,-071.092421
25,005,646103,5604,+41.607432,-071.085753
25,005,646104,2572,+41.544099,-071.075885
25,005,650101,5753,+41.716872,-070.939188
25,005,650102,4879,+41.709218,-070.944518
25,005,650201,2916,+41.684300,-070.940611
25,005,650202,2142,+41.676121,-070.934207
25,005,650300,3304,+41.680309,-070.923642
25,005,650400,3773,+41.669951,-070.925921
25,005,650500,3141,+41.669035,-070.932348
25,005,650600,2759,+41.664127,-070.925742
25,005,650700,2583,+41.660001,-070.926563
25,005,650800,3651,+41.660210,-070.932504
25,005,650900,2867,+41.656845,-070.940784
25,005,651001,2865,+41.650119,-070.958962
25,005,651002,3833,+41.643368,-070.951082
25,005,651100,4117,+41.650446,-070.934809
25,005,651200,2068,+41.654964,-070.926151
25,005,651300,2227,+41.643648,-070.929633
25,005,651400,3215,+41.643853,-070.934062
25,005,651500,3115,+41.641005,-070.940504
25,005,651600,3862,+41.633883,-070.942474
25,005,651700,1983,+41.634647,-070.934057
25,005,651800,1745,+41.635437,-070.926719
25,005,651900,1942,+41.626944,-070.923926
25,005,652000,2676,+41.625622,-070.927569
25,005,652100,2815,+41.626736,-070.933430
25,005,652200,2836,+41.626738,-070.943988
25,005,652300,2870,+41.619276,-070.937124
25,005,652400,2664,+41.617971,-070.931258
25,005,652500,2589,+41.618163,-070.924886
25,005,652600,2843,+41.617636,-070.920429
25,005,652700,3762,+41.612893,-070.914245
25,005,652800,3277,+41.604536,-070.909513
25,005,653101,6664,+41.640317,-070.997468
25,005,653102,5381,+41.681361,-071.017801
25,005,653203,5005,+41.614895,-070.949629
25,005,653204,3214,+41.609717,-070.977468
25,005,653301,5057,+41.594945,-070.948023
25,005,653304,3205,+41.566751,-070.989603
25,005,654100,6916,+41.712945,-070.903717
25,005,654200,3387,+41.684373,-070.913732
25,005,655100,4225,+41.649647,-070.871281
25,005,655200,4415,+41.654467,-070.907533
25,005,655300,3317,+41.640430,-070.898996
25,005,655400,3916,+41.621904,-070.875376
25,005,985500,5506,+41.624139,-071.006024
25,005,985600,5205,+42.071113,-071.092539
25,005,990000,0,+41.519674,-070.938345
25,007,200100,3949,+41.452584,-070.610196
25,007,200200,4527,+41.444527,-070.578291
25,007,200300,4067,+41.391167,-070.542648
25,007,200400,3992,+41.394657,-070.684319
25,007,990000,0,+41.470384,-070.847473
25,009,201100,3410,+42.426156,-070.927530
25,009,202101,2063,+42.472504,-070.914462
25,009,202102,5836,+42.478762,-070.917153
25,009,202200,5888,+42.471338,-070.899172
25,009,203100,7071,+42.487888,-070.878715
25,009,203200,4557,+42.497425,-070.859661
25,009,203301,4010,+42.504997,-070.860242
25,009,203302,4170,+42.510305,-070.851891
25,009,204101,4669,+42.505774,-070.891170
25,009,204102,4935,+42.492822,-070.900058
25,009,204200,4797,+42.515836,-070.896122
25,009,204300,3904,+42.518269,-070.890003
25,009,204400,3301,+42.526812,-070.883167
25,009,204500,3132,+42.526832,-070.893576
25,009,204600,5154,+42.528469,-070.905504
25,009,204701,5782,+42.504224,-070.915447
25,009,204702,5666,+42.515856,-070.915392
25,009,205100,5352,+42.485230,-070.941800
25,009,205200,5319,+42.479436,-070.951354
25,009,205300,4490,+42.489824,-070.962817
25,009,205400,5048,+42.501668,-070.981185
25,009,205500,4606,+42.471289,-070.958731
25,009,205600,3881,+42.469551,-070.986033
25,009,205700,4650,+42.464540,-070.978288
25,009,205800,3312,+42.460084,-070.972246
25,009,205900,4350,+42.468229,-070.968243
25,009,206000,3359,+42.465615,-070.962032
25,009,206100,3844,+42.466010,-070.955588
25,009,206200,5254,+42.469561,-070.948989
25,009,206300,3773,+42.473384,-070.940996
25,009,206400,5249,+42.477154,-070.933287
25,009,206500,3358,+42.471032,-070.932717
25,009,206600,4243,+42.467316,-070.928339
25,009,206700,4080,+42.463799,-070.935052
25,009,206800,3546,+42.466737,-070.943705
25,009,206900,3965,+42.460387,-070.939669
25,009,207000,2198,+42.461681,-070.955621
25,009,207100,3513,+42.459315,-070.965613
25,009,207200,2939,+42.458494,-070.961657
25,009,208101,5124,+42.451891,-071.000764
25,009,208102,3243,+42.448192,-070.999306
25,009,208200,5262,+42.458291,-071.012670
25,009,208300,7254,+42.474150,-071.007119
25,009,208400,5745,+42.476407,-071.034143
25,009,209100,6088,+42.520378,-071.019314
25,009,209200,5508,+42.544500,-071.048794
25,009,210100,6948,+42.557193,-071.009032
25,009,210200,5384,+42.542460,-071.007942
25,009,210300,9110,+42.541587,-070.966539
25,009,210400,6823,+42.530514,-070.945018
25,009,210500,6438,+42.510811,-070.959828
25,009,210600,4095,+42.509966,-070.943490
25,009,210700,4001,+42.521132,-070.925885
25,009,210800,4569,+42.528645,-070.925848
25,009,210900,3883,+42.534166,-070.919999
25,009,211100,3794,+42.556025,-070.918841
25,009,211200,6100,+42.563592,-070.938883
25,009,211300,6967,+42.579700,-070.933638
25,009,211401,3560,+42.578617,-070.978138
25,009,211402,6072,+42.569454,-070.956550
25,009,212100,8987,+42.597400,-071.008322
25,009,213100,7961,+42.679181,-071.010768
25,009,214100,6089,+42.641128,-070.948149
25,009,215101,4896,+42.616728,-070.839272
25,009,215102,2868,+42.621927,-070.882308
25,009,216100,4875,+42.599094,-070.870804
25,009,217100,7291,+42.577372,-070.878754
25,009,217201,4218,+42.562380,-070.900591
25,009,217202,3491,+42.550365,-070.898295
25,009,217300,4504,+42.560329,-070.883017
25,009,217400,5218,+42.545665,-070.882767
25,009,217500,6101,+42.553134,-070.871385
25,009,217600,8679,+42.567821,-070.838078
25,009,218100,5136,+42.579513,-070.767173
25,009,220101,4003,+42.651832,-070.614004
25,009,220102,2949,+42.666145,-070.630125
25,009,221100,4182,+42.654987,-070.663923
25,009,221300,4532,+42.611926,-070.644331
25,009,221400,3221,+42.618909,-070.655057
25,009,221500,2923,+42.614699,-070.663523
25,009,221600,2448,+42.622125,-070.671026
25,009,221700,2840,+42.614519,-070.671662
25,009,221800,1773,+42.631565,-070.681647
25,009,221901,3419,+42.590954,-070.705907
25,009,221902,3451,+42.627497,-070.709375
25,009,222100,3504,+42.628755,-070.784137
25,009,223100,3880,+42.685061,-070.823024
25,009,223200,3740,+42.679817,-070.838836
25,009,223300,5555,+42.681398,-070.884580
25,009,250100,2329,+42.707174,-071.160770
25,009,250200,5524,+42.704478,-071.183042
25,009,250300,2101,+42.710515,-071.175578
25,009,250400,3858,+42.717572,-071.173817
25,009,250500,3810,+42.716942,-071.169016
25,009,250600,5599,+42.719707,-071.162752
25,009,250700,4756,+42.715812,-071.157155
25,009,250800,6932,+42.715614,-071.146134
25,009,250900,2193,+42.711644,-071.154278
25,009,251000,1782,+42.711645,-071.158199
25,009,251100,2937,+42.711909,-071.169046
25,009,251200,1357,+42.709153,-071.168033
25,009,251300,3721,+42.702253,-071.173068
25,009,251400,5053,+42.699412,-071.179159
25,009,251500,6149,+42.692533,-071.167351
25,009,251600,5977,+42.698368,-071.152525
25,009,251700,5145,+42.690545,-071.149940
25,009,251800,7154,+42.684576,-071.166088
25,009,252101,3509,+42.705010,-071.196661
25,009,252102,3798,+42.707654,-071.229141
25,009,252201,3230,+42.717602,-071.208873
25,009,252202,3198,+42.733723,-071.227385
25,009,252300,6552,+42.723971,-071.192486
25,009,252400,4175,+42.722285,-071.176898
25,009,252501,3874,+42.724599,-071.155914
25,009,252502,4865,+42.733062,-071.163315
25,009,252601,6621,+42.736979,-071.133633
25,009,252602,4407,+42.759644,-071.161352
25,009,252603,3026,+42.751416,-071.170332
25,009,253100,5352,+42.698645,-071.131199
25,009,253201,2913,+42.702262,-071.120448
25,009,253202,6253,+42.679054,-071.124422
25,009,253203,4160,+42.692692,-071.098373
25,009,253204,5329,+42.649064,-071.083649
25,009,253205,4345,+42.666278,-071.061771
25,009,254100,6009,+42.670315,-071.148312
25,009,254200,5018,+42.659820,-071.134521
25,009,254301,3893,+42.631305,-071.139633
25,009,254302,4493,+42.623869,-071.114679
25,009,254401,3235,+42.656896,-071.174676
25,009,254402,6713,+42.664428,-071.210978
25,009,254403,3840,+42.634403,-071.167799
25,009,260100,4789,+42.778601,-071.082111
25,009,260200,3437,+42.779807,-071.073907
25,009,260301,4466,+42.770925,-071.053819
25,009,260302,3091,+42.796862,-071.036219
25,009,260401,3820,+42.805166,-071.102080
25,009,260402,6211,+42.784433,-071.141729
25,009,260500,3788,+42.794366,-071.078593
25,009,260600,3377,+42.788438,-071.085516
25,009,260700,4498,+42.785034,-071.098561
25,009,260800,4631,+42.773642,-071.091848
25,009,260900,5089,+42.771832,-071.104363
25,009,261000,3942,+42.767360,-071.081406
25,009,261101,4782,+42.756987,-071.072412
25,009,261102,4958,+42.751584,-071.098589
25,009,262100,6338,+42.835590,-071.005809
25,009,263100,4235,+42.794597,-070.978141
25,009,264100,6459,+42.752946,-071.023652
25,009,265101,3645,+42.721337,-070.999392
25,009,265102,4538,+42.730160,-070.962027
25,009,266100,4032,+42.845392,-070.957934
25,009,266200,5194,+42.864591,-070.940387
25,009,266300,3709,+42.848573,-070.925412
25,009,266400,3348,+42.861624,-070.920086
25,009,267101,3573,+42.841924,-070.831290
25,009,267102,4710,+42.855330,-070.874370
25,009,268100,2668,+42.811622,-070.922224
25,009,268200,6322,+42.819946,-070.897387
25,009,268300,4126,+42.810821,-070.877270
25,009,268400,4300,+42.806402,-070.855577
25,009,269100,6666,+42.772817,-070.884364
25,009,270100,5856,+42.715159,-070.907409
25,009,990100,0,+42.506747,-070.617130
25,011,040100,4494,+42.664709,-072.805642
25,011,040200,4340,+42.666950,-072.551020
25,011,040300,3032,+42.682161,-072.451150
25,011,040400,3428,+42.600022,-072.415679
25,011,040501,4264,+42.590156,-072.309857
25,011,040502,3575,+42.592069,-072.280886
25,011,040600,4612,+42.472940,-072.435150
25,011,040701,4213,+42.599883,-072.558339
25,011,040702,4224,+42.562321,-072.530271
25,011,040800,5180,+42.449856,-072.584806
25,011,040900,5125,+42.503866,-072.608046
25,011,041000,3271,+42.620102,-072.612632
25,011,041100,3603,+42.604833,-072.583367
25,011,041200,3156,+42.601285,-072.598313
25,011,041300,4642,+42.590459,-072.601897
25,011,041400,2784,+42.586490,-072.610735
25,011,041501,3634,+42.517449,-072.750578
25,011,041502,3795,+42.600260,-072.734009
25,013,800101,4052,+42.149839,-072.504863
25,013,800102,4119,+42.157268,-072.499864
25,013,800201,6334,+42.140637,-072.563588
25,013,800202,1333,+42.150368,-072.533483
25,013,800300,4395,+42.130780,-072.575660
25,013,800400,6726,+42.126487,-072.586611
25,013,800500,3366,+42.121815,-072.597622
25,013,800600,2620,+42.117596,-072.606098
25,013,800700,4000,+42.115845,-072.614590
25,013,800800,2098,+42.112988,-072.600292
25,013,800900,4136,+42.114758,-072.590657
25,013,801101,1862,+42.103994,-072.588682
25,013,801102,1537,+42.099230,-072.583644
25,013,801200,2638,+42.109374,-072.583680
25,013,801300,4636,+42.115453,-072.569820
25,013,801401,3992,+42.118477,-072.559179
25,013,801402,2016,+42.127119,-072.543196
25,013,801501,5361,+42.124267,-072.530309
25,013,801502,3412,+42.134167,-072.527908
25,013,801503,4036,+42.138683,-072.503788
25,013,801601,5067,+42.110937,-072.519437
25,013,801602,5108,+42.123943,-072.508834
25,013,801603,4185,+42.126876,-072.487589
25,013,801604,3767,+42.102215,-072.486398
25,013,801605,4608,+42.092088,-072.505659
25,013,801700,7577,+42.108897,-072.554025
25,013,801800,4279,+42.105029,-072.566050
25,013,801901,3938,+42.094576,-072.571202
25,013,801902,3614,+42.102399,-072.576966
25,013,802000,2849,+42.095145,-072.578912
25,013,802100,6075,+42.083446,-072.567155
25,013,802200,3308,+42.090250,-072.565706
25,013,802300,6838,+42.091395,-072.556320
25,013,802400,3544,+42.098899,-072.540140
25,013,802500,6694,+42.090721,-072.530541
25,013,802601,7038,+42.082680,-072.548354
25,013,802602,1902,+42.073035,-072.543452
25,013,810100,6290,+42.168968,-072.312925
25,013,810200,2710,+42.197506,-072.334096
25,013,810300,3140,+42.177494,-072.363827
25,013,810403,3931,+42.160471,-072.479874
25,013,810404,3761,+42.163577,-072.456310
25,013,810412,5933,+42.175342,-072.489468
25,013,810414,7478,+42.190936,-072.459091
25,013,810601,4267,+42.170547,-072.577448
25,013,810602,2657,+42.174685,-072.530619
25,013,810700,6151,+42.152457,-072.573042
25,013,810800,3823,+42.148590,-072.590089
25,013,810901,1948,+42.145682,-072.609706
25,013,810902,4578,+42.139030,-072.602256
25,013,811000,4622,+42.164041,-072.599671
25,013,811101,5058,+42.185318,-072.610572
25,013,811102,6100,+42.167864,-072.619485
25,013,811200,4859,+42.179540,-072.589975
25,013,811301,5494,+42.201688,-072.581151
25,013,811302,5741,+42.199576,-072.564240
25,013,811400,2447,+42.205274,-072.598483
25,013,811500,2277,+42.197178,-072.606555
25,013,811600,3749,+42.202395,-072.615022
25,013,811700,2029,+42.209009,-072.608210
25,013,811800,4139,+42.211994,-072.619641
25,013,811900,3555,+42.223994,-072.626429
25,013,812001,3451,+42.207518,-072.622541
25,013,812002,4646,+42.206474,-072.636496
25,013,812101,5106,+42.193546,-072.656828
25,013,812103,3836,+42.177755,-072.633721
25,013,812104,4645,+42.193671,-072.628622
25,013,812201,4600,+42.111313,-072.626881
25,013,812202,4043,+42.144874,-072.633645
25,013,812300,5861,+42.099373,-072.616089
25,013,812401,6210,+42.120404,-072.665722
25,013,812403,3796,+42.106286,-072.644461
25,013,812404,3881,+42.117733,-072.651721
25,013,812500,7665,+42.140569,-072.714584
25,013,812600,6799,+42.099749,-072.733136
25,013,812701,4078,+42.121332,-072.755615
25,013,812702,5489,+42.121691,-072.743884
25,013,812800,6666,+42.152293,-072.752900
25,013,812901,3002,+42.119675,-072.769093
25,013,812902,4802,+42.117458,-072.792929
25,013,812903,2593,+42.132005,-072.796172
25,013,813000,7234,+42.173506,-072.902865
25,013,813101,5888,+42.050135,-072.752395
25,013,813102,3614,+42.055716,-072.797643
25,013,813204,3240,+42.083876,-072.684575
25,013,813205,7481,+42.052479,-072.659012
25,013,813206,4042,+42.073178,-072.660272
25,013,813207,5111,+42.086786,-072.638843
25,013,813208,2918,+42.056361,-072.609240
25,013,813209,5646,+42.075544,-072.612651
25,013,813301,7343,+42.050801,-072.580010
25,013,813303,4387,+42.057203,-072.553690
25,013,813304,4054,+42.045044,-072.558953
25,013,813401,5243,+42.072653,-072.523584
25,013,813403,3847,+42.072790,-072.499022
25,013,813404,6630,+42.056116,-072.490584
25,013,813500,5139,+42.066121,-072.428590
25,013,813601,8146,+42.141527,-072.447598
25,013,813602,6073,+42.105932,-072.439854
25,013,813701,3462,+42.093221,-072.300471
25,013,813702,5098,+42.103357,-072.339078
25,013,813801,4319,+42.059983,-072.188737
25,013,813802,3609,+42.133252,-072.202196
25,015,820101,6189,+42.263013,-072.271127
25,015,820102,3683,+42.260524,-072.239718
25,015,820202,1321,+42.376953,-072.446352
25,015,820203,8507,+42.275899,-072.424046
25,015,820204,6142,+42.268607,-072.388668
25,015,820300,6818,+42.407154,-072.521787
25,015,820400,12079,+42.388165,-072.525273
25,015,820500,6342,+42.375677,-072.518571
25,015,820600,1681,+42.371173,-072.516254
25,015,820700,4509,+42.362578,-072.486186
25,015,820801,5232,+42.338027,-072.518840
25,015,820802,1158,+42.324810,-072.531992
25,015,820900,6240,+42.256765,-072.515750
25,015,821000,4251,+42.235041,-072.565602
25,015,821100,6939,+42.224054,-072.590947
25,015,821200,2127,+42.254552,-072.573685
25,015,821300,4197,+42.255588,-072.588603
25,015,821400,5250,+42.360552,-072.569362
25,015,821500,3279,+42.383831,-072.616510
25,015,821601,3424,+42.342313,-072.645118
25,015,821602,3844,+42.332911,-072.664212
25,015,821700,3725,+42.344110,-072.692744
25,015,821901,3291,+42.324132,-072.641214
25,015,821903,3425,+42.313643,-072.633999
25,015,821904,2764,+42.324464,-072.627703
25,015,822000,1962,+42.319461,-072.639642
25,015,822200,6114,+42.309807,-072.677394
25,015,822300,5372,+42.267231,-072.654481
25,015,822401,5842,+42.248672,-072.685128
25,015,822402,4839,+42.269931,-072.673656
25,015,822500,5792,+42.226942,-072.719408
25,015,822601,2180,+42.261957,-072.863749
25,015,822603,1607,+42.308539,-072.771106
25,015,822605,1222,+42.388947,-072.837083
25,015,822606,3536,+42.403562,-072.746532
25,015,822700,3197,+42.431940,-072.937380
25,017,300100,3074,+42.675572,-071.816081
25,017,301101,4024,+42.675954,-071.703645
25,017,301102,4902,+42.645687,-071.705578
25,017,310100,5267,+42.645084,-071.310221
25,017,310200,5976,+42.654524,-071.298637
25,017,310300,6016,+42.659088,-071.308552
25,017,310400,3245,+42.654299,-071.309320
25,017,310500,3449,+42.655462,-071.327867
25,017,310601,5746,+42.649233,-071.365794
25,017,310602,5825,+42.650737,-071.340199
25,017,310700,4441,+42.645091,-071.328879
25,017,311100,2410,+42.643435,-071.320576
25,017,311200,3267,+42.637375,-071.324489
25,017,311300,4057,+42.636985,-071.334194
25,017,311400,5986,+42.632734,-071.352902
25,017,311500,2974,+42.631167,-071.334702
25,017,311600,5295,+42.622846,-071.329467
25,017,311700,5098,+42.630852,-071.326020
25,017,311800,3513,+42.634071,-071.320345
25,017,311900,2429,+42.638402,-071.307919
25,017,312000,2938,+42.634759,-071.306426
25,017,312100,3149,+42.630026,-071.302651
25,017,312200,4309,+42.621752,-071.306545
25,017,312300,4931,+42.623973,-071.288630
25,017,312400,2354,+42.640962,-071.300397
25,017,312501,4464,+42.644915,-071.286182
25,017,312502,3960,+42.637354,-071.286580
25,017,313101,5488,+42.653999,-071.447067
25,017,313102,5804,+42.681912,-071.394940
25,017,314101,6055,+42.680793,-071.361473
25,017,314102,7223,+42.676689,-071.342148
25,017,314200,5233,+42.673440,-071.320776
25,017,314301,8011,+42.668749,-071.285274
25,017,314302,2935,+42.704185,-071.259767
25,017,315100,5456,+42.628857,-071.262990
25,017,315200,7585,+42.614476,-071.235124
25,017,315401,3532,+42.599855,-071.204925
25,017,315402,2921,+42.610120,-071.188844
25,017,315403,1745,+42.585119,-071.189948
25,017,315500,7722,+42.582811,-071.212340
25,017,316101,5108,+42.571393,-071.231232
25,017,316102,6060,+42.561485,-071.258098
25,017,316201,4104,+42.541446,-071.236487
25,017,316202,4290,+42.531838,-071.223602
25,017,316300,8172,+42.540813,-071.272026
25,017,316400,6570,+42.555842,-071.298392
25,017,316500,5939,+42.588655,-071.281548
25,017,317101,6139,+42.586456,-071.368454
25,017,317102,4353,+42.595777,-071.322873
25,017,317103,4895,+42.570085,-071.352792
25,017,317201,2849,+42.603054,-071.394293
25,017,317202,3388,+42.608576,-071.374732
25,017,317203,4003,+42.613434,-071.349904
25,017,317301,2627,+42.629181,-071.374443
25,017,317302,5548,+42.638345,-071.393037
25,017,318100,6674,+42.620004,-071.429493
25,017,318200,3853,+42.596845,-071.472563
25,017,318300,7516,+42.579983,-071.441718
25,017,318400,3908,+42.552200,-071.410438
25,017,320102,5040,+42.221958,-071.569208
25,017,320103,2795,+42.242457,-071.532031
25,017,320104,7090,+42.214191,-071.508405
25,017,321100,6992,+42.354995,-071.503539
25,017,321200,6267,+42.344661,-071.530034
25,017,321300,7497,+42.341318,-071.554157
25,017,321400,3297,+42.342645,-071.588596
25,017,321500,6898,+42.352439,-071.563602
25,017,321600,7548,+42.362248,-071.534629
25,017,322100,4671,+42.385227,-071.529126
25,017,322200,3687,+42.379959,-071.574047
25,017,322300,6090,+42.397930,-071.577178
25,017,322400,4615,+42.399067,-071.558818
25,017,323100,6590,+42.430916,-071.513396
25,017,324101,4761,+42.530440,-071.470141
25,017,324102,4163,+42.550535,-071.505861
25,017,325100,7427,+42.560083,-071.573875
25,017,326101,3896,+42.609406,-071.601009
25,017,326102,6750,+42.612290,-071.535357
25,017,327101,3586,+42.687010,-071.601347
25,017,327102,4333,+42.668030,-071.571005
25,017,327103,3578,+42.654696,-071.615184
25,017,328100,3179,+42.673632,-071.500828
25,017,330100,8231,+42.582378,-071.072826
25,017,330200,6661,+42.579531,-071.115010
25,017,331101,3011,+42.577974,-071.161053
25,017,331102,6971,+42.554333,-071.150535
25,017,331200,5346,+42.567787,-071.184290
25,017,331300,6997,+42.547495,-071.191591
25,017,332100,5972,+42.526313,-071.201213
25,017,332200,8376,+42.501301,-071.180578
25,017,332300,6677,+42.508787,-071.216911
25,017,332400,3473,+42.488721,-071.205936
25,017,333100,7399,+42.466405,-071.184030
25,017,333200,5364,+42.478745,-071.164864
25,017,333300,4063,+42.472707,-071.148607
25,017,333400,6229,+42.483024,-071.129458
25,017,333501,5001,+42.492822,-071.151917
25,017,333502,3273,+42.484628,-071.147806
25,017,333600,6791,+42.507549,-071.159235
25,017,334100,6718,+42.515841,-071.118494
25,017,334200,3968,+42.525145,-071.114788
25,017,334300,7605,+42.543369,-071.110485
25,017,334400,6456,+42.525529,-071.096068
25,017,335100,5728,+42.512406,-071.070239
25,017,335200,5637,+42.501347,-071.083249
25,017,335301,3852,+42.495968,-071.062528
25,017,335302,4621,+42.509702,-071.051326
25,017,335400,5094,+42.480727,-071.063567
25,017,336100,5360,+42.466344,-071.070260
25,017,336200,6142,+42.464977,-071.054981
25,017,336300,6664,+42.452398,-071.052895
25,017,336401,4260,+42.447569,-071.067690
25,017,336402,4557,+42.454612,-071.072736
25,017,337101,3095,+42.485866,-071.087537
25,017,337102,5042,+42.470562,-071.085817
25,017,337201,3192,+42.494856,-071.095867
25,017,337202,4849,+42.492673,-071.108420
25,017,337300,5259,+42.475638,-071.102393
25,017,338100,2964,+42.464547,-071.124418
25,017,338200,3869,+42.463573,-071.139113
25,017,338300,3180,+42.453485,-071.148431
25,017,338400,5745,+42.446370,-071.165546
25,017,338500,5616,+42.446684,-071.132206
25,017,339100,6442,+42.424103,-071.111614
25,017,339200,5830,+42.425033,-071.131895
25,017,339300,2890,+42.418997,-071.134188
25,017,339400,3326,+42.413963,-071.124093
25,017,339500,5399,+42.411926,-071.116615
25,017,339600,5024,+42.402679,-071.108536
25,017,339700,3878,+42.403964,-071.104374
25,017,339801,4410,+42.407431,-071.080136
25,017,339802,4557,+42.411983,-071.095338
25,017,339900,5171,+42.418534,-071.092792
25,017,340000,2594,+42.423176,-071.097287
25,017,340100,6652,+42.432910,-071.094515
25,017,341101,3675,+42.435095,-071.076932
25,017,341102,4564,+42.429725,-071.079491
25,017,341200,6857,+42.421645,-071.081371
25,017,341300,5439,+42.429875,-071.069814
25,017,341400,6212,+42.419182,-071.064801
25,017,341500,4780,+42.424463,-071.058937
25,017,341600,6564,+42.433935,-071.060475
25,017,341700,5298,+42.435697,-071.048030
25,017,341800,6554,+42.427785,-071.048790
25,017,341901,1387,+42.428910,-071.031012
25,017,341902,8120,+42.437201,-071.032763
25,017,342101,4457,+42.411115,-071.039394
25,017,342102,4066,+42.417592,-071.041418
25,017,342201,5268,+42.415463,-071.053372
25,017,342202,3833,+42.419921,-071.048053
25,017,342300,6826,+42.412132,-071.061678
25,017,342400,6055,+42.404479,-071.060821
25,017,342500,6797,+42.408211,-071.050380
25,017,342600,4365,+42.405432,-071.043374
25,017,350103,1210,+42.396983,-071.087347
25,017,350104,7275,+42.394607,-071.091849
25,017,350200,6567,+42.391098,-071.096448
25,017,350300,2441,+42.395177,-071.105707
25,017,350400,5568,+42.398518,-071.114831
25,017,350500,1629,+42.399757,-071.122350
25,017,350600,4572,+42.404438,-071.122250
25,017,350700,6048,+42.407171,-071.130345
25,017,350800,1828,+42.400063,-071.127339
25,017,350900,3314,+42.393909,-071.119913
25,017,351000,6450,+42.389161,-071.112797
25,017,351100,5622,+42.387440,-071.104142
25,017,351203,4241,+42.376892,-071.101273
25,017,351204,4129,+42.381582,-071.104243
25,017,351300,4233,+42.383136,-071.095179
25,017,351403,4028,+42.386163,-071.083830
25,017,351404,4289,+42.383977,-071.087566
25,017,351500,2310,+42.377662,-071.090990
25,017,352101,1654,+42.370314,-071.073346
25,017,352102,2277,+42.369588,-071.079403
25,017,352200,1849,+42.371746,-071.085852
25,017,352300,3450,+42.366901,-071.083279
25,017,352400,2126,+42.365315,-071.094302
25,017,352500,2894,+42.367735,-071.097577
25,017,352600,2378,+42.370087,-071.091515
25,017,352700,2057,+42.373490,-071.093690
25,017,352800,2115,+42.371453,-071.096615
25,017,352900,2646,+42.372367,-071.103432
25,017,353000,3584,+42.367278,-071.103900
25,017,353101,2460,+42.363156,-071.100283
25,017,353102,5040,+42.357035,-071.096289
25,017,353200,4897,+42.358964,-071.105050
25,017,353300,3471,+42.360567,-071.109616
25,017,353400,2848,+42.362435,-071.112302
25,017,353500,2602,+42.366342,-071.110423
25,017,353600,4551,+42.381070,-071.116134
25,017,353700,5365,+42.374368,-071.113069
25,017,353800,4702,+42.370236,-071.109664
25,017,353900,7090,+42.368677,-071.116396
25,017,354000,4366,+42.380950,-071.122578
25,017,354100,2907,+42.376511,-071.125957
25,017,354200,2907,+42.377540,-071.137816
25,017,354300,3346,+42.378855,-071.150989
25,017,354400,1647,+42.382764,-071.136614
25,017,354500,2236,+42.385265,-071.122649
25,017,354600,4538,+42.387875,-071.135968
25,017,354700,2509,+42.389463,-071.123317
25,017,354800,1903,+42.392784,-071.127586
25,017,354900,6058,+42.393819,-071.136533
25,017,355000,2689,+42.398345,-071.131328
25,017,356100,3110,+42.402410,-071.143853
25,017,356300,5040,+42.413587,-071.140828
25,017,356400,7247,+42.426821,-071.160447
25,017,356500,6580,+42.425057,-071.186263
25,017,356601,4216,+42.418640,-071.172605
25,017,356602,4169,+42.419820,-071.181548
25,017,356701,5844,+42.408311,-071.144456
25,017,356702,6638,+42.413363,-071.162203
25,017,357100,4185,+42.400688,-071.165891
25,017,357200,3202,+42.390389,-071.165268
25,017,357300,2973,+42.379618,-071.159915
25,017,357400,2339,+42.381047,-071.168081
25,017,357500,2130,+42.383377,-071.176643
25,017,357600,2432,+42.383119,-071.186122
25,017,357700,3727,+42.389705,-071.188395
25,017,357800,3741,+42.399053,-071.182578
25,017,358100,5105,+42.427582,-071.204820
25,017,358300,5526,+42.422066,-071.231927
25,017,358400,4895,+42.441521,-071.235327
25,017,358500,4861,+42.448023,-071.201658
25,017,358600,5947,+42.458862,-071.244502
25,017,358700,5060,+42.467990,-071.231852
25,017,359100,6198,+42.500692,-071.260288
25,017,359300,7122,+42.491291,-071.289249
25,017,360100,1286,+42.453487,-071.279550
25,017,360200,5076,+42.422717,-071.312188
25,017,361100,5657,+42.449297,-071.372843
25,017,361200,5765,+42.452968,-071.403018
25,017,361300,6246,+42.469728,-071.351621
25,017,362100,4852,+42.529669,-071.352153
25,017,363102,5909,+42.505460,-071.412896
25,017,363103,3229,+42.495930,-071.440316
25,017,363104,6105,+42.463441,-071.435908
25,017,363201,3219,+42.466929,-071.479772
25,017,363202,3462,+42.479972,-071.466315
25,017,364101,5266,+42.435798,-071.460559
25,017,364102,4840,+42.427283,-071.446681
25,017,365100,7732,+42.406244,-071.423464
25,017,365201,5607,+42.377937,-071.432977
25,017,365202,4320,+42.355553,-071.429414
25,017,366100,4697,+42.325432,-071.364817
25,017,366201,3598,+42.385854,-071.353203
25,017,366202,4699,+42.345568,-071.355212
25,017,367100,3959,+42.386445,-071.297257
25,017,367200,7302,+42.344999,-071.300923
25,017,368101,6101,+42.410341,-071.244426
25,017,368102,3627,+42.401216,-071.245980
25,017,368200,4294,+42.385215,-071.250804
25,017,368300,5345,+42.376967,-071.248010
25,017,368400,8117,+42.367101,-071.256435
25,017,368500,3297,+42.369339,-071.237789
25,017,368600,5196,+42.363753,-071.237445
25,017,368700,2462,+42.369004,-071.229742
25,017,368800,4741,+42.374125,-071.226137
25,017,368901,6801,+42.396139,-071.224971
25,017,368902,4320,+42.380746,-071.229085
25,017,369000,1528,+42.404851,-071.220413
25,017,369100,4803,+42.383711,-071.206491
25,017,370101,6488,+42.377017,-071.196100
25,017,370102,6751,+42.368645,-071.193189
25,017,370201,3757,+42.373186,-071.168941
25,017,370202,4149,+42.376037,-071.183044
25,017,370300,5644,+42.369204,-071.157190
25,017,370400,5126,+42.364409,-071.176469
25,017,373100,4755,+42.355899,-071.184170
25,017,373200,4391,+42.360066,-071.200390
25,017,373300,2799,+42.356489,-071.209998
25,017,373400,3204,+42.348458,-071.201580
25,017,373500,6187,+42.343674,-071.184275
25,017,373600,6026,+42.333492,-071.174916
25,017,373700,3790,+42.337441,-071.202540
25,017,373800,5923,+42.324261,-071.191206
25,017,373900,6373,+42.309316,-071.181659
25,017,374000,5237,+42.302334,-071.194647
25,017,374100,4647,+42.312747,-071.216675
25,017,374200,4194,+42.322916,-071.212856
25,017,374300,3494,+42.325896,-071.235035
25,017,374400,5743,+42.339324,-071.224749
25,017,374500,4339,+42.354674,-071.221930
25,017,374600,4829,+42.356431,-071.230447
25,017,374700,4477,+42.350307,-071.246819
25,017,374800,4738,+42.337595,-071.249343
25,017,382100,4911,+42.310883,-071.344852
25,017,382200,5158,+42.293390,-071.341912
25,017,382300,5568,+42.273135,-071.330835
25,017,382400,4523,+42.274777,-071.357263
25,017,382500,4418,+42.294667,-071.363087
25,017,382601,4269,+42.277139,-071.388389
25,017,382602,4159,+42.290212,-071.387806
25,017,383101,4217,+42.270691,-071.410862
25,017,383102,4923,+42.275516,-071.400331
25,017,383200,6046,+42.269457,-071.426678
25,017,383300,3042,+42.283870,-071.431364
25,017,383400,5540,+42.284046,-071.410087
25,017,383501,4259,+42.294010,-071.411322
25,017,383502,3773,+42.296739,-071.436465
25,017,383600,6138,+42.304392,-071.415794
25,017,383700,5213,+42.317617,-071.398549
25,017,383800,5360,+42.329336,-071.407682
25,017,383901,7628,+42.331290,-071.434877
25,017,383902,5227,+42.317952,-071.461695
25,017,384001,1437,+42.300477,-071.457350
25,017,384002,5515,+42.290138,-071.463857
25,017,385100,6717,+42.265536,-071.479852
25,017,385201,2568,+42.245160,-071.463323
25,017,385202,7308,+42.249380,-071.439164
25,017,386100,4119,+42.233829,-071.378013
25,017,387100,4257,+42.193277,-071.417471
25,017,387201,5464,+42.215268,-071.433980
25,017,387202,3826,+42.191246,-071.465821
25,017,388100,4996,+42.485729,-071.515286
25,017,388200,7211,+42.557307,-071.647229
25,017,388300,5420,+42.649857,-071.319668
25,017,980000,0,+42.409915,-071.481880
25,019,950100,1375,+41.281276,-070.104598
25,019,950200,4869,+41.265977,-070.105961
25,019,950307,342,+41.281774,-070.171338
25,019,950400,2422,+41.260726,-070.076716
25,019,950500,1164,+41.271100,-070.019527
25,019,990000,0,+41.305588,-070.140475
25,021,400100,4977,+42.344827,-071.112421
25,021,400200,6132,+42.346277,-071.119033
25,021,400300,4110,+42.346994,-071.126621
25,021,400400,5449,+42.341964,-071.130610
25,021,400500,5173,+42.338166,-071.130687
25,021,400600,5177,+42.335479,-071.140755
25,021,400700,3598,+42.333397,-071.124186
25,021,400800,5630,+42.338892,-071.119227
25,021,400900,3865,+42.332925,-071.116381
25,021,401000,3149,+42.327046,-071.121838
25,021,401100,4441,+42.325021,-071.143153
25,021,401200,7031,+42.307228,-071.157532
25,021,402101,3634,+42.265797,-071.178551
25,021,402102,4063,+42.250664,-071.153634
25,021,402200,2169,+42.233894,-071.145413
25,021,402300,4549,+42.226657,-071.155740
25,021,402400,6050,+42.239137,-071.164394
25,021,402500,4264,+42.250903,-071.190243
25,021,403100,6841,+42.278891,-071.214421
25,021,403300,4222,+42.269930,-071.241132
25,021,403400,6488,+42.282076,-071.254928
25,021,403500,5684,+42.301646,-071.235639
25,021,404100,4025,+42.315998,-071.253230
25,021,404201,3658,+42.318065,-071.279061
25,021,404202,4986,+42.302702,-071.272051
25,021,404301,5508,+42.311638,-071.311413
25,021,404302,3529,+42.301623,-071.303534
25,021,404400,6276,+42.291235,-071.294507
25,021,405100,5589,+42.234379,-071.283694
25,021,406101,5537,+42.199502,-071.308206
25,021,406102,6487,+42.172342,-071.296958
25,021,407100,7891,+42.166833,-071.360922
25,021,408101,7962,+42.157897,-071.429607
25,021,408102,4790,+42.143544,-071.416364
25,021,409101,6217,+42.120319,-071.310211
25,021,409102,5010,+42.111981,-071.345736
25,021,410100,6142,+42.053773,-071.262181
25,021,410300,4423,+42.058724,-071.214344
25,021,410400,6300,+42.077195,-071.239315
25,021,411100,7972,+42.125255,-071.250425
25,021,411200,6562,+42.155433,-071.224127
25,021,411301,5527,+42.170696,-071.251342
25,021,411302,4009,+42.132240,-071.276143
25,021,412100,6334,+42.206804,-071.230941
25,021,412200,3572,+42.232214,-071.220564
25,021,412300,4712,+42.217611,-071.177221
25,021,413100,5854,+42.181559,-071.187461
25,021,413200,6079,+42.200454,-071.194414
25,021,413300,4954,+42.196123,-071.215643
25,021,413401,3167,+42.188597,-071.207030
25,021,413402,4244,+42.177171,-071.219781
25,021,413500,4304,+42.170489,-071.202114
25,021,414100,5693,+42.114270,-071.200348
25,021,414200,7183,+42.098826,-071.160809
25,021,414300,4736,+42.123596,-071.172572
25,021,415101,4532,+42.166543,-071.150988
25,021,415102,7465,+42.150526,-071.142687
25,021,415200,5850,+42.166046,-071.107661
25,021,415300,3714,+42.190195,-071.128105
25,021,416101,5724,+42.245665,-071.069996
25,021,416102,3810,+42.235029,-071.110195
25,021,416200,6651,+42.255905,-071.094498
25,021,416300,4749,+42.264179,-071.082666
25,021,416400,6069,+42.259533,-071.046004
25,021,417100,4264,+42.260824,-071.024568
25,021,417200,8182,+42.270084,-071.032300
25,021,417300,2681,+42.292216,-071.028446
25,021,417400,2566,+42.296480,-071.012005
25,021,417501,5004,+42.279470,-071.021237
25,021,417502,4639,+42.279747,-071.027435
25,021,417601,5196,+42.272041,-071.015906
25,021,417602,5155,+42.265945,-071.011604
25,021,417701,5417,+42.252827,-071.001272
25,021,417702,2765,+42.260985,-070.992925
25,021,417801,5443,+42.265932,-070.963031
25,021,417802,3150,+42.253804,-070.965664
25,021,417901,6048,+42.246690,-070.980873
25,021,417902,3542,+42.246460,-070.990454
25,021,418002,7020,+42.239265,-070.994594
25,021,418003,2481,+42.235220,-071.022201
25,021,418004,4280,+42.239430,-071.010959
25,021,418101,4837,+42.250255,-071.013174
25,021,418102,3377,+42.246378,-071.021028
25,021,418200,6224,+42.247082,-071.035177
25,021,419100,5691,+42.216422,-071.012292
25,021,419200,5002,+42.222730,-070.994897
25,021,419300,3863,+42.226940,-070.982098
25,021,419400,3166,+42.228435,-070.970330
25,021,419500,3077,+42.213935,-070.979067
25,021,419600,6766,+42.181783,-070.995533
25,021,419700,3821,+42.193473,-070.996755
25,021,419800,4358,+42.200724,-071.016327
25,021,420100,7804,+42.186538,-071.045976
25,021,420201,3505,+42.178829,-071.060510
25,021,420202,6303,+42.186896,-071.070081
25,021,420301,6797,+42.167036,-071.045251
25,021,420302,7703,+42.153794,-071.044468
25,021,421100,5120,+42.139299,-071.015902
25,021,421200,5671,+42.153223,-071.000673
25,021,422100,5293,+42.161062,-070.963794
25,021,422200,6815,+42.170073,-070.940892
25,021,422301,2975,+42.190691,-070.963531
25,021,422302,6590,+42.188490,-070.942781
25,021,422400,7785,+42.212951,-070.959418
25,021,422501,4758,+42.203515,-070.924719
25,021,422502,5165,+42.213370,-070.937438
25,021,422600,6668,+42.226024,-070.939054
25,021,422700,3842,+42.239896,-070.945974
25,021,422800,3852,+42.250582,-070.941161
25,021,423100,7542,+42.239050,-070.812699
25,021,440100,8264,+42.012182,-071.327640
25,021,441202,2726,+42.032042,-071.404920
25,021,441203,3730,+42.060610,-071.314237
25,021,441204,4499,+42.069791,-071.339528
25,021,442101,5572,+42.093845,-071.393243
25,021,442102,7071,+42.097806,-071.425606
25,021,442103,6946,+42.121680,-071.407408
25,021,442201,4166,+42.051892,-071.420674
25,021,442202,7880,+42.080151,-071.386510
25,021,443101,7638,+42.105449,-071.471234
25,021,443102,8694,+42.044855,-071.480760
25,021,456101,3776,+42.109018,-071.086452
25,021,456102,4945,+42.126020,-071.090423
25,021,456200,3146,+42.141958,-071.086106
25,021,456301,1753,+42.129941,-071.107294
25,021,456302,5000,+42.137740,-071.126611
25,021,456401,2765,+42.127259,-071.125880
25,021,456402,5577,+42.109201,-071.118894
25,021,457100,4356,+42.125147,-071.043154
25,021,457200,5651,+42.288912,-071.231756
25,023,500101,3702,+42.300153,-070.890671
25,023,500103,2209,+42.265296,-070.849203
25,023,500104,4382,+42.281043,-070.872802
25,023,501101,3302,+42.244667,-070.870545
25,023,501102,8057,+42.245151,-070.904387
25,023,501201,3667,+42.217192,-070.892721
25,023,501202,7131,+42.194981,-070.890852
25,023,502101,6051,+42.127003,-070.915342
25,023,502102,5600,+42.110583,-070.906375
25,023,502200,5838,+42.143740,-070.913690
25,023,503101,7176,+42.136477,-070.870027
25,023,503102,6703,+42.110016,-070.847150
25,023,504101,5370,+42.170363,-070.846247
25,023,504102,5136,+42.149515,-070.794535
25,023,505101,6468,+42.217506,-070.750665
25,023,505102,4991,+42.202584,-070.777113
25,023,505200,6674,+42.183994,-070.735771
25,023,506101,6531,+42.126069,-070.709717
25,023,506102,5899,+42.121373,-070.750005
25,023,506202,2512,+42.078561,-070.695792
25,023,506203,5220,+42.084767,-070.674724
25,023,506204,4970,+42.100929,-070.662094
25,023,507101,5323,+42.043143,-070.745281
25,023,507103,4351,+42.024129,-070.688821
25,023,507104,5385,+42.049951,-070.706215
25,023,508101,6708,+42.087195,-070.793983
25,023,508102,5098,+42.049938,-070.826645
25,023,508200,6031,+42.047953,-070.792815
25,023,509101,6947,+41.980764,-070.749245
25,023,509102,5682,+42.003020,-070.738631
25,023,510100,4776,+42.115292,-071.009047
25,023,510200,5964,+42.103617,-071.004747
25,023,510300,3798,+42.100402,-071.024251
25,023,510400,3706,+42.092933,-071.021853
25,023,510501,3358,+42.108569,-071.030632
25,023,510502,5796,+42.097347,-071.041458
25,023,510503,4296,+42.096386,-071.062706
25,023,510600,2857,+42.080122,-071.058703
25,023,510700,5656,+42.081331,-071.037426
25,023,510800,6339,+42.084225,-071.028290
25,023,510900,2531,+42.083395,-071.020625
25,023,511000,3040,+42.087343,-071.010951
25,023,511100,5291,+42.092534,-070.991857
25,023,511200,4849,+42.080822,-070.994558
25,023,511301,5334,+42.069681,-071.007482
25,023,511302,3531,+42.057197,-070.995379
25,023,511400,3716,+42.075315,-071.024723
25,023,511500,4308,+42.069856,-071.022050
25,023,511600,7211,+42.059609,-071.018195
25,023,511701,4655,+42.063172,-071.034746
25,023,511702,2798,+42.066164,-071.060770
25,023,520100,6458,+42.105001,-070.946137
25,023,520201,3952,+42.133045,-070.951486
25,023,520202,5575,+42.117862,-070.967231
25,023,521101,4303,+42.078146,-070.956303
25,023,521102,3316,+42.080346,-070.941723
25,023,521201,2904,+42.083233,-070.933509
25,023,521202,3966,+42.084572,-070.918739
25,023,522101,4745,+42.056851,-070.850893
25,023,522102,5464,+42.065352,-070.878621
25,023,523100,3044,+42.021919,-070.963331
25,023,523201,2897,+42.046818,-070.968501
25,023,523202,7853,+42.030359,-070.926818
25,023,524101,3035,+42.026686,-071.032293
25,023,524102,3881,+42.024789,-071.003843
25,023,525101,6305,+41.979068,-070.998050
25,023,525104,6289,+41.965905,-070.983117
25,023,525203,5595,+42.000040,-070.952896
25,023,525204,3382,+41.978278,-070.933396
25,023,525300,2063,+41.945458,-070.955489
25,023,526100,7518,+41.998207,-070.852268
25,023,530100,3808,+41.945362,-070.712729
25,023,530200,3600,+41.972750,-070.688530
25,023,530300,3782,+41.959594,-070.674335
25,023,530400,5823,+41.930758,-070.713788
25,023,530500,5680,+41.945227,-070.656151
25,023,530600,6364,+41.905323,-070.658329
25,023,530700,4242,+41.915966,-070.595664
25,023,530801,5587,+41.885221,-070.558660
25,023,530802,4785,+41.904141,-070.546710
25,023,530901,8328,+41.805666,-070.593470
25,023,530902,4469,+41.832206,-070.569499
25,023,540101,3783,+41.870214,-070.943469
25,023,540102,2570,+41.813439,-070.939663
25,023,540103,4249,+41.819571,-070.984898
25,023,541100,5232,+41.761140,-070.839176
25,023,542101,7131,+41.879283,-070.842318
25,023,542102,2552,+41.842242,-070.878054
25,023,542200,6114,+41.916574,-070.919115
25,023,542300,7319,+41.894705,-070.917982
25,023,543100,2820,+41.964072,-070.806266
25,023,544100,5629,+41.907995,-070.788010
25,023,544200,5880,+41.865933,-070.747822
25,023,545100,6446,+41.765916,-070.749158
25,023,545200,5669,+41.778635,-070.668256
25,023,545300,4413,+41.748332,-070.649281
25,023,545400,5294,+41.748367,-070.705931
25,023,560100,6045,+41.663605,-070.815954
25,023,561100,4907,+41.712391,-070.759803
25,023,561200,2929,+41.986477,-070.965357
25,023,990003,0,+42.062699,-070.562338
25,025,000100,4254,+42.360268,-071.138369
25,025,000201,3854,+42.353139,-071.161991
25,025,000202,3885,+42.352813,-071.154211
25,025,000301,2740,+42.353409,-071.169269
25,025,000302,3142,+42.346798,-071.167401
25,025,000401,5672,+42.343496,-071.148810
25,025,000402,3648,+42.343650,-071.157437
25,025,000502,6303,+42.338107,-071.160295
25,025,000503,2211,+42.339422,-071.150301
25,025,000504,4985,+42.341395,-071.143896
25,025,000601,3571,+42.352216,-071.147509
25,025,000602,3974,+42.349356,-071.141101
25,025,000701,4446,+42.347009,-071.137791
25,025,000703,2791,+42.351277,-071.127148
25,025,000704,4801,+42.349782,-071.133434
25,025,000802,8136,+42.355626,-071.129653
25,025,000803,6584,+42.358671,-071.119949
25,025,010103,4569,+42.349648,-071.102000
25,025,010104,4804,+42.349630,-071.093136
25,025,010203,5569,+42.343820,-071.097828
25,025,010204,3173,+42.346925,-071.104637
25,025,010300,4861,+42.339997,-071.101911
25,025,010403,3003,+42.345058,-071.088222
25,025,010404,5817,+42.341801,-071.088965
25,025,010405,5522,+42.340404,-071.090744
25,025,010408,1426,+42.343222,-071.095836
25,025,010500,3044,+42.344351,-071.083717
25,025,010600,2858,+42.347137,-071.080021
25,025,010701,2478,+42.350054,-071.083798
25,025,010702,2400,+42.352338,-071.076633
25,025,010801,2783,+42.354065,-071.076937
25,025,010802,3059,+42.351319,-071.085973
25,025,020101,4193,+42.358004,-071.069065
25,025,020200,3649,+42.360217,-071.067802
25,025,020301,2023,+42.364142,-071.067041
25,025,020302,1181,+42.360076,-071.064110
25,025,020303,3400,+42.365052,-071.064449
25,025,030100,1954,+42.366662,-071.055934
25,025,030200,1665,+42.364702,-071.056738
25,025,030300,4872,+42.360008,-071.054963
25,025,030400,2451,+42.364659,-071.054157
25,025,030500,2538,+42.365987,-071.051889
25,025,040100,2168,+42.373874,-071.061039
25,025,040200,1606,+42.377248,-071.056906
25,025,040300,3882,+42.378758,-071.062968
25,025,040401,2439,+42.376511,-071.066614
25,025,040600,2444,+42.381996,-071.070304
25,025,040801,3900,+42.377402,-071.054053
25,025,050101,5115,+42.380901,-071.037704
25,025,050200,5231,+42.377795,-071.035353
25,025,050300,2251,+42.370545,-071.041453
25,025,050400,2372,+42.368167,-071.037783
25,025,050500,1857,+42.369931,-071.033927
25,025,050600,2063,+42.371825,-071.037298
25,025,050700,4504,+42.375475,-071.033781
25,025,050901,4165,+42.380429,-071.030186
25,025,051000,4089,+42.384183,-071.015937
25,025,051101,6093,+42.388791,-071.005369
25,025,051200,2379,+42.366030,-071.033001
25,025,060101,3216,+42.334650,-071.028179
25,025,060200,1916,+42.332696,-071.032776
25,025,060301,3076,+42.333237,-071.036779
25,025,060400,4904,+42.332509,-071.042798
25,025,060501,3571,+42.336752,-071.038789
25,025,060600,2357,+42.343799,-071.045654
25,025,060700,1893,+42.338365,-071.054603
25,025,060800,3964,+42.335483,-071.051298
25,025,061000,3098,+42.331624,-071.049994
25,025,061101,2232,+42.326466,-071.054081
25,025,061200,3240,+42.337023,-071.054666
25,025,070101,5902,+42.353280,-071.061160
25,025,070200,5218,+42.349699,-071.064130
25,025,070300,3909,+42.347813,-071.070580
25,025,070402,1723,+42.345723,-071.067567
25,025,070500,5460,+42.342054,-071.072034
25,025,070600,2240,+42.343262,-071.075359
25,025,070700,2361,+42.345405,-071.076627
25,025,070800,3706,+42.340990,-071.080808
25,025,070900,3329,+42.338278,-071.078070
25,025,071101,3753,+42.336423,-071.073587
25,025,071201,3131,+42.340939,-071.067557
25,025,080100,3350,+42.329056,-071.070773
25,025,080300,1769,+42.327350,-071.078899
25,025,080401,2710,+42.332588,-071.081754
25,025,080500,3096,+42.336073,-071.082138
25,025,080601,4271,+42.335617,-071.086634
25,025,080801,3885,+42.335092,-071.096475
25,025,080900,4008,+42.332546,-071.101410
25,025,081001,4890,+42.333118,-071.107639
25,025,081100,4091,+42.328701,-071.108308
25,025,081200,3265,+42.324479,-071.103147
25,025,081300,4760,+42.318114,-071.097481
25,025,081400,3003,+42.327776,-071.093221
25,025,081500,2134,+42.320273,-071.093030
25,025,081700,3820,+42.322317,-071.085775
25,025,081800,2898,+42.320678,-071.079940
25,025,081900,3115,+42.315067,-071.090349
25,025,082000,2815,+42.313614,-071.083863
25,025,082100,5025,+42.309258,-071.087400
25,025,090100,4571,+42.302918,-071.082138
25,025,090200,2233,+42.306997,-071.078493
25,025,090300,3179,+42.311342,-071.077301
25,025,090400,3659,+42.317306,-071.074778
25,025,090600,2348,+42.322678,-071.072618
25,025,090700,4275,+42.321958,-071.057876
25,025,090901,3730,+42.318779,-071.042236
25,025,091001,2742,+42.310929,-071.053494
25,025,091100,4861,+42.315827,-071.055599
25,025,091200,3234,+42.316363,-071.061836
25,025,091300,2499,+42.319740,-071.066573
25,025,091400,2741,+42.314958,-071.069832
25,025,091500,4370,+42.311451,-071.064295
25,025,091600,3138,+42.305860,-071.061481
25,025,091700,3069,+42.303439,-071.066626
25,025,091800,3452,+42.307507,-071.069771
25,025,091900,3860,+42.300560,-071.075671
25,025,092000,4945,+42.299899,-071.067446
25,025,092101,6451,+42.297016,-071.056954
25,025,092200,3349,+42.294861,-071.066298
25,025,092300,2893,+42.293952,-071.075073
25,025,092400,5277,+42.296098,-071.085199
25,025,100100,5510,+42.289102,-071.087657
25,025,100200,2787,+42.284669,-071.085912
25,025,100300,3303,+42.282535,-071.079677
25,025,100400,4865,+42.281840,-071.070849
25,025,100500,5989,+42.288599,-071.070155
25,025,100601,5154,+42.290690,-071.057391
25,025,100603,1904,+42.289242,-071.045722
25,025,100700,4322,+42.283598,-071.051848
25,025,100800,5546,+42.281350,-071.060844
25,025,100900,4072,+42.274195,-071.073570
25,025,101001,5480,+42.271186,-071.100025
25,025,101002,4979,+42.274789,-071.085691
25,025,101101,3155,+42.282842,-071.095053
25,025,101102,4396,+42.279095,-071.092105
25,025,110103,5460,+42.294815,-071.116613
25,025,110201,2051,+42.279755,-071.117116
25,025,110301,2405,+42.286852,-071.114471
25,025,110401,3566,+42.287149,-071.122279
25,025,110403,4309,+42.277858,-071.126433
25,025,110501,3253,+42.282435,-071.141224
25,025,110502,3806,+42.282831,-071.132539
25,025,110601,2969,+42.294872,-071.140887
25,025,110607,5077,+42.290115,-071.135083
25,025,120103,1508,+42.311437,-071.118354
25,025,120104,2095,+42.305808,-071.116800
25,025,120105,2444,+42.309798,-071.127568
25,025,120201,3439,+42.305708,-071.108026
25,025,120301,4795,+42.312583,-071.101391
25,025,120400,5751,+42.314256,-071.111872
25,025,120500,2331,+42.320857,-071.104300
25,025,120600,2335,+42.319156,-071.108706
25,025,120700,2014,+42.323252,-071.112460
25,025,130100,5906,+42.291836,-071.163811
25,025,130200,4506,+42.287556,-071.157127
25,025,130300,4419,+42.278585,-071.150360
25,025,130402,4637,+42.271660,-071.166054
25,025,130404,2901,+42.268570,-071.156998
25,025,130406,5107,+42.259341,-071.149981
25,025,140102,4401,+42.247600,-071.137451
25,025,140105,3675,+42.267860,-071.125291
25,025,140106,1901,+42.274968,-071.136903
25,025,140107,2531,+42.257026,-071.128187
25,025,140201,2072,+42.237833,-071.129783
25,025,140202,5600,+42.248280,-071.118300
25,025,140300,6382,+42.259392,-071.118294
25,025,140400,7650,+42.268502,-071.109557
25,025,160101,7551,+42.390522,-071.029749
25,025,160200,4043,+42.389992,-071.035376
25,025,160300,2065,+42.389025,-071.045091
25,025,160400,2716,+42.392730,-071.037425
25,025,160501,5604,+42.398499,-071.032901
25,025,160502,4460,+42.398954,-071.021950
25,025,160601,4063,+42.401842,-071.027497
25,025,160602,4675,+42.407130,-071.032861
25,025,170100,7560,+42.410924,-071.021348
25,025,170200,4564,+42.416381,-071.019372
25,025,170300,9040,+42.427989,-071.017673
25,025,170400,5379,+42.420170,-071.002708
25,025,170501,3435,+42.417768,-070.989920
25,025,170502,2818,+42.434557,-070.972806
25,025,170601,5105,+42.408622,-071.008544
25,025,170701,2099,+42.401694,-070.995038
25,025,170702,6628,+42.406623,-070.997481
25,025,170800,5118,+42.397069,-070.987607
25,025,180101,4766,+42.385541,-070.976681
25,025,180200,4109,+42.380075,-070.986602
25,025,180301,3024,+42.372604,-070.990105
25,025,180400,1715,+42.374094,-070.978301
25,025,180500,3883,+42.370342,-070.971394
25,025,980101,535,+42.323049,-070.963204
25,025,980300,338,+42.299047,-071.101303
25,025,980700,6,+42.259695,-071.136482
25,025,981000,22,+42.294084,-071.123932
25,025,981100,418,+42.289729,-071.099648
25,025,981201,0,+42.332050,-071.027046
25,025,981202,207,+42.344330,-071.030750
25,025,981300,389,+42.370143,-071.031007
25,025,981501,12,+42.352766,-071.088437
25,025,981502,9,+42.397458,-070.995837
25,025,981600,0,+42.388620,-070.993442
25,025,981700,0,+42.355087,-071.065743
25,025,981800,82,+42.322107,-071.117818
25,025,990101,0,+42.329611,-070.949199
25,027,700100,6081,+42.650817,-071.926591
25,027,701100,8340,+42.675130,-072.040597
25,027,702200,3218,+42.680292,-072.118186
25,027,703100,4323,+42.584337,-072.237326
25,027,703200,3558,+42.603649,-072.228655
25,027,703300,3703,+42.574499,-072.215394
25,027,704200,2916,+42.532083,-072.160492
25,027,705100,8013,+42.575241,-072.065344
25,027,706100,4382,+42.486870,-072.003079
25,027,707100,3909,+42.556810,-071.984836
25,027,707200,1839,+42.574566,-071.990633
25,027,707300,3931,+42.571770,-072.000140
25,027,707400,4591,+42.586745,-072.008522
25,027,707500,5958,+42.580144,-071.966593
25,027,708100,7277,+42.550483,-071.906542
25,027,709100,4066,+42.523104,-071.779917
25,027,709201,6921,+42.504938,-071.760589
25,027,709202,6829,+42.505938,-071.742398
25,027,709400,4750,+42.523706,-071.747426
25,027,709501,2149,+42.534736,-071.725890
25,027,709502,5670,+42.559203,-071.743681
25,027,709600,2423,+42.534792,-071.752747
25,027,709701,5609,+42.543759,-071.771299
25,027,709702,2342,+42.532607,-071.762123
25,027,710100,3435,+42.575013,-071.782491
25,027,710200,6759,+42.561223,-071.805232
25,027,710300,3224,+42.575290,-071.842027
25,027,710400,2149,+42.572412,-071.821903
25,027,710500,3246,+42.577813,-071.820697
25,027,710600,6594,+42.575829,-071.799429
25,027,710700,1580,+42.583977,-071.796969
25,027,710800,4539,+42.589765,-071.801358
25,027,711000,3080,+42.586598,-071.785066
25,027,711100,5712,+42.601133,-071.796706
25,027,712101,5955,+42.595526,-071.740626
25,027,712102,4131,+42.577314,-071.694213
25,027,713100,8055,+42.468937,-071.681942
25,027,715100,4897,+42.437938,-071.605122
25,027,716100,7558,+42.415115,-071.679717
25,027,716200,2820,+42.426132,-071.687854
25,027,716300,3228,+42.418640,-071.679114
25,027,717100,2866,+42.381914,-071.633198
25,027,718100,4355,+42.341053,-071.725462
25,027,719100,7808,+42.437870,-071.769216
25,027,720100,3413,+42.451406,-071.876427
25,027,721101,1902,+42.348770,-072.053357
25,027,721102,7973,+42.377747,-071.951082
25,027,722100,5398,+42.409682,-072.109614
25,027,723100,3989,+42.334307,-072.181639
25,027,724100,3701,+42.245447,-072.151520
25,027,725100,4680,+42.267247,-072.081433
25,027,726100,5988,+42.245182,-071.984920
25,027,726200,5700,+42.243895,-071.993123
25,027,727100,4806,+42.307651,-071.922718
25,027,728100,4126,+42.333339,-071.863721
25,027,728200,3713,+42.327992,-071.819880
25,027,728300,4544,+42.355818,-071.855207
25,027,728400,4963,+42.365457,-071.846631
25,027,729100,4997,+42.360135,-071.779791
25,027,729200,2672,+42.348813,-071.788443
25,027,730100,5923,+42.320918,-071.805781
25,027,730200,5583,+42.316062,-071.784422
25,027,730300,4559,+42.306790,-071.794661
25,027,730401,5444,+42.298656,-071.780689
25,027,730402,1660,+42.286034,-071.790485
25,027,730500,3535,+42.288324,-071.805416
25,027,730600,8799,+42.297681,-071.825910
25,027,730700,6803,+42.284380,-071.857338
25,027,730801,3665,+42.280339,-071.826975
25,027,730802,2046,+42.274462,-071.829089
25,027,730901,3404,+42.269713,-071.834868
25,027,730902,3716,+42.269452,-071.846125
25,027,731001,2229,+42.250143,-071.858205
25,027,731002,6402,+42.250379,-071.847919
25,027,731101,3949,+42.255392,-071.832982
25,027,731102,2511,+42.263640,-071.828180
25,027,731202,1111,+42.252021,-071.823138
25,027,731203,5198,+42.251844,-071.824613
25,027,731204,2498,+42.245626,-071.826109
25,027,731300,3841,+42.251963,-071.815319
25,027,731400,4673,+42.258218,-071.814984
25,027,731500,5174,+42.263284,-071.813180
25,027,731600,7357,+42.269768,-071.808258
25,027,731700,2761,+42.261217,-071.804320
25,027,731800,6172,+42.269208,-071.788271
25,027,731900,5227,+42.277015,-071.789973
25,027,732001,3327,+42.305832,-071.770715
25,027,732002,4036,+42.289599,-071.767301
25,027,732201,2820,+42.268583,-071.760737
25,027,732202,3240,+42.261531,-071.774119
25,027,732203,2853,+42.262691,-071.780498
25,027,732301,4155,+42.250643,-071.761335
25,027,732302,3902,+42.253599,-071.776678
25,027,732400,6459,+42.252852,-071.789458
25,027,732500,1776,+42.252177,-071.801148
25,027,732600,4253,+42.247152,-071.797949
25,027,732700,3938,+42.242475,-071.793997
25,027,732801,4829,+42.239688,-071.757080
25,027,732802,4122,+42.238867,-071.778958
25,027,732901,6592,+42.227863,-071.802398
25,027,732902,2459,+42.235435,-071.804852
25,027,733000,3762,+42.244921,-071.814977
25,027,733101,2058,+42.232406,-071.841663
25,027,733102,2224,+42.237944,-071.851116
25,027,735100,6713,+42.235607,-071.920886
25,027,735200,4257,+42.228225,-071.886577
25,027,736100,2600,+42.183262,-071.864568
25,027,736200,3722,+42.214218,-071.850097
25,027,736300,2426,+42.215982,-071.838223
25,027,736400,3071,+42.220461,-071.815654
25,027,736500,4369,+42.192067,-071.830254
25,027,737100,5116,+42.181269,-071.780812
25,027,737200,1747,+42.192193,-071.758399
25,027,737300,6398,+42.212485,-071.751784
25,027,738100,4636,+42.174924,-071.680677
25,027,738201,4075,+42.203945,-071.709086
25,027,738202,5995,+42.213179,-071.674410
25,027,739100,9557,+42.263055,-071.710076
25,027,739200,5958,+42.275923,-071.744726
25,027,739300,3688,+42.283578,-071.720621
25,027,739400,8851,+42.291488,-071.696450
25,027,739500,7554,+42.310211,-071.718318
25,027,740101,5191,+42.320310,-071.658551
25,027,740102,6053,+42.321131,-071.634695
25,027,740200,2911,+42.318175,-071.641901
25,027,741101,4478,+42.294980,-071.512268
25,027,741102,5289,+42.292699,-071.542891
25,027,742300,4045,+42.268608,-071.615912
25,027,742401,5421,+42.245376,-071.620987
25,027,742402,3026,+42.273315,-071.648764
25,027,743100,7542,+42.171364,-071.607751
25,027,744101,7445,+42.168202,-071.531676
25,027,744102,5258,+42.154125,-071.543463
25,027,744200,7484,+42.141744,-071.507557
25,027,744300,3838,+42.139769,-071.520399
25,027,744400,3974,+42.143200,-071.528570
25,027,745100,5911,+42.126246,-071.536396
25,027,746100,5839,+42.095044,-071.549131
25,027,747101,5110,+42.031554,-071.514613
25,027,747102,3916,+42.028124,-071.544328
25,027,748100,3190,+42.033744,-071.579170
25,027,749100,7988,+42.064237,-071.630650
25,027,749200,5469,+42.084426,-071.635856
25,027,750100,6048,+42.115056,-071.669557
25,027,750200,6749,+42.131552,-071.659606
25,027,750300,2910,+42.150154,-071.647625
25,027,751101,6219,+42.142541,-071.725067
25,027,751102,2744,+42.144927,-071.775640
25,027,752100,8471,+42.057529,-071.727656
25,027,753100,7458,+42.133973,-071.874416
25,027,753200,6251,+42.113137,-071.870116
25,027,754100,6502,+42.045908,-071.845962
25,027,754200,3462,+42.056492,-071.870238
25,027,754300,2960,+42.052699,-071.878719
25,027,754400,3843,+42.039316,-071.880227
25,027,755100,3300,+42.047159,-071.894320
25,027,755200,8090,+42.049672,-071.927775
25,027,756101,4512,+42.149778,-071.997138
25,027,756102,8469,+42.132833,-071.946562
25,027,757100,4514,+42.087723,-072.034965
25,027,757200,2293,+42.076330,-072.028651
25,027,757300,2871,+42.078495,-072.039482
25,027,757400,2707,+42.071389,-072.042514
25,027,757500,4334,+42.059732,-072.028051
25,027,758101,1650,+42.076990,-072.102080
25,027,758102,7618,+42.122323,-072.086528
25,027,759100,2183,+42.217457,-072.047934
25,027,760100,3390,+42.194228,-072.102850
25,027,761100,5135,+42.206203,-072.203263
25,027,761200,5780,+42.284892,-071.594428
25,027,761300,3059,+42.231910,-071.711598
25,027,761400,6520,+42.506319,-071.587526
